parity 300;
0 283 1 150,242;
1 204 1 242,172;
2 275 1 284,290;
3 0 1 219,261;
4 254 1 265,255;
5 152 1 158,170;
6 217 1 290,211;
7 130 1 285,232;
8 134 1 227,185;
9 128 1 233,225;
10 176 1 256,296;
11 59 1 206,223;
12 215 1 286,242;
13 72 1 164,170;
14 179 1 193,285;
15 96 1 173,230;
16 81 1 299,211;
17 75 1 169,297;
18 116 1 215,167;
19 75 1 274,299;
20 262 1 194,270;
21 275 1 172,255;
22 39 1 155,164;
23 221 1 292,204;
24 111 1 238,233;
25 102 1 226,271;
26 245 1 234,286;
27 29 1 258,198;
28 293 1 264,205;
29 94 1 203,275;
30 110 1 296,275;
31 35 1 207,200;
32 250 1 208,287;
33 120 1 207,150;
34 23 1 214,209;
35 119 1 233,202;
36 263 1 256,286;
37 133 1 297,155;
38 178 1 259,237;
39 238 1 273,215;
40 59 1 153,227;
41 235 1 205,274;
42 122 1 198,293;
43 95 1 211,284;
44 50 1 195,150;
45 294 1 270,181;
46 224 1 224,208;
47 59 1 199,275;
48 254 1 286,192;
49 163 1 197,179;
50 160 1 227,180;
51 283 1 267,248;
52 251 1 274,170;
53 197 1 219,290;
54 224 1 224,165;
55 15 1 191,181;
56 143 1 204,297;
57 271 1 293,283;
58 158 1 216,205;
59 242 1 151,195;
60 145 1 174,230;
61 11 1 234,168;
62 66 1 232,183;
63 31 1 191,177;
64 237 1 202,171;
65 122 1 281,214;
66 172 1 230,294;
67 78 1 177,203;
68 115 1 225,259;
69 255 1 242,196;
70 292 1 298,192;
71 275 1 282,195;
72 135 1 243,290;
73 69 1 161,205;
74 173 1 253,267;
75 270 1 204,267;
76 231 1 230,196;
77 172 1 289,247;
78 85 1 294,191;
79 111 1 266,215;
80 227 1 226,229;
81 51 1 194,185;
82 33 1 290,265;
83 30 1 158,243;
84 241 1 297,227;
85 83 1 199,216;
86 65 1 187,227;
87 2 1 196,190;
88 3 1 196,177;
89 20 1 291,192;
90 56 1 290,211;
91 132 1 260,213;
92 212 1 268,256;
93 120 1 209,194;
94 281 1 270,153;
95 207 1 256,175;
96 30 1 187,203;
97 95 1 271,222;
98 222 1 171,290;
99 101 1 288,230;
100 134 1 254,166;
101 274 1 220,257;
102 93 1 254,253;
103 106 1 168,212;
104 172 1 288,290;
105 285 1 283,273;
106 70 1 181,231;
107 287 1 203,257;
108 53 1 173,199;
109 9 1 237,263;
110 127 1 203,208;
111 176 1 226,292;
112 41 1 223,209;
113 87 1 208,212;
114 49 1 261,194;
115 188 1 246,203;
116 289 1 249,240;
117 251 1 226,208;
118 1 1 273,224;
119 70 1 273,273;
120 253 1 170,207;
121 271 1 184,154;
122 118 1 260,240;
123 41 1 237,270;
124 14 1 290,272;
125 279 1 199,264;
126 20 1 291,258;
127 122 1 287,161;
128 155 1 269,187;
129 105 1 172,221;
130 48 1 281,191;
131 147 1 235,282;
132 67 1 262,250;
133 139 1 215,201;
134 177 1 236,153;
135 92 1 237,267;
136 172 1 297,191;
137 246 1 244,278;
138 214 1 182,164;
139 19 1 187,189;
140 46 1 155,269;
141 236 1 227,178;
142 12 1 262,299;
143 218 1 171,230;
144 204 1 294,257;
145 143 1 211,189;
146 202 1 151,241;
147 250 1 274,152;
148 124 1 243,233;
149 100 1 244,191;
150 125 0 85,90;
151 79 0 69,41;
152 46 0 137,76;
153 283 0 24,139;
154 296 0 104,3;
155 24 0 33,134;
156 46 0 133,127;
157 107 0 110,125;
158 220 0 45,35;
159 181 0 11,12;
160 231 0 36,110;
161 70 0 135,4;
162 209 0 18,114;
163 103 0 106,84;
164 138 0 76,59;
165 75 0 128,14;
166 177 0 18,10;
167 282 0 7,26;
168 240 0 28,52;
169 203 0 117,28;
170 248 0 56,36;
171 208 0 55,37;
172 85 0 32,39;
173 150 0 0,62;
174 266 0 16,42;
175 55 0 119,33;
176 119 0 1,68;
177 43 0 134,48;
178 21 0 30,75;
179 37 0 42,146;
180 248 0 60,143;
181 103 0 50,14;
182 43 0 15,69;
183 257 0 104,25;
184 206 0 83,14;
185 174 0 83,40;
186 269 0 83,90;
187 214 0 134,105;
188 22 0 21,24;
189 166 0 45,136;
190 30 0 31,143;
191 6 0 64,18;
192 84 0 4,2;
193 266 0 138,31;
194 209 0 53,1;
195 299 0 72,115;
196 264 0 57,37;
197 183 0 55,112;
198 20 0 96,54;
199 272 0 72,122;
200 131 0 111,102;
201 172 0 71,36;
202 183 0 77,45;
203 272 0 128,52;
204 137 0 75,86;
205 194 0 126,135;
206 151 0 25,111;
207 156 0 105,34;
208 122 0 59,1;
209 219 0 91,39;
210 96 0 139,82;
211 237 0 31,64;
212 199 0 57,45;
213 207 0 130,124;
214 71 0 57,42;
215 58 0 18,144;
216 24 0 9,118;
217 140 0 36,130;
218 241 0 20,131;
219 202 0 30,26;
220 205 0 105,142;
221 95 0 143,4;
222 249 0 115,78;
223 60 0 34,97;
224 244 0 93,8;
225 48 0 45,69;
226 120 0 41,107;
227 14 0 8,29;
228 103 0 12,112;
229 63 0 101,116;
230 209 0 75,95;
231 165 0 119,43;
232 153 0 115,144;
233 143 0 95,17;
234 119 0 27,39;
235 143 0 115,18;
236 111 0 20,18;
237 41 0 113,122;
238 93 0 55,134;
239 208 0 115,90;
240 216 0 65,120;
241 274 0 124,96;
242 280 0 64,55;
243 130 0 90,49;
244 239 0 2,144;
245 260 0 10,30;
246 8 0 1,78;
247 86 0 54,99;
248 60 0 71,71;
249 10 0 78,65;
250 190 0 114,100;
251 85 0 32,52;
252 54 0 116,116;
253 118 0 4,138;
254 128 0 50,112;
255 57 0 18,32;
256 56 0 91,51;
257 154 0 62,15;
258 23 0 130,109;
259 277 0 79,2;
260 252 0 76,104;
261 152 0 148,16;
262 60 0 136,105;
263 257 0 67,88;
264 188 0 96,148;
265 270 0 36,21;
266 91 0 33,102;
267 12 0 84,145;
268 211 0 78,145;
269 281 0 127,140;
270 278 0 56,24;
271 144 0 14,87;
272 137 0 77,77;
273 75 0 63,81;
274 299 0 76,90;
275 197 0 4,53;
276 136 0 130,113;
277 224 0 139,76;
278 169 0 27,50;
279 300 0 86,103;
280 299 0 24,41;
281 65 0 126,80;
282 38 0 133,2;
283 81 0 133,51;
284 175 0 87,101;
285 201 0 126,0;
286 37 0 71,30;
287 210 0 34,34;
288 171 0 37,3;
289 121 0 9,62;
290 140 0 109,0;
291 81 0 122,134;
292 48 0 24,10;
293 102 0 69,79;
294 256 0 18,128;
295 11 0 62,127;
296 279 0 107,131;
297 56 0 52,66;
298 34 0 54,38;
299 35 0 85,85;