parity 300;
0 166 1 220,269;
1 168 1 226,253;
2 274 1 252,231;
3 148 1 264,150;
4 214 1 269,228;
5 128 1 288,238;
6 93 1 258,150;
7 272 1 281,209;
8 255 1 287,173;
9 25 1 240,259;
10 110 1 161,252;
11 177 1 172,241;
12 231 1 164,232;
13 57 1 222,279;
14 206 1 203,228;
15 1 1 258,196;
16 95 1 179,176;
17 89 1 156,152;
18 84 1 171,271;
19 25 1 157,288;
20 257 1 224,158;
21 142 1 269,159;
22 114 1 192,216;
23 48 1 289,298;
24 10 1 181,267;
25 150 1 265,170;
26 159 1 205,279;
27 33 1 281,221;
28 182 1 289,298;
29 142 1 167,244;
30 0 1 150,256;
31 264 1 207,267;
32 215 1 266,279;
33 218 1 193,268;
34 226 1 290,209;
35 101 1 188,183;
36 161 1 293,239;
37 223 1 209,243;
38 53 1 276,257;
39 3 1 218,237;
40 123 1 166,229;
41 199 1 225,265;
42 3 1 201,258;
43 78 1 211,180;
44 70 1 157,270;
45 183 1 250,256;
46 259 1 171,205;
47 165 1 195,254;
48 127 1 189,285;
49 257 1 171,170;
50 244 1 225,236;
51 266 1 204,260;
52 102 1 251,269;
53 132 1 161,256;
54 194 1 159,237;
55 231 1 295,151;
56 196 1 256,299;
57 232 1 267,265;
58 49 1 151,162;
59 17 1 236,155;
60 270 1 258,254;
61 133 1 240,174;
62 249 1 222,237;
63 77 1 285,174;
64 277 1 290,283;
65 138 1 282,206;
66 222 1 265,297;
67 259 1 164,261;
68 100 1 285,266;
69 169 1 235,204;
70 29 1 158,246;
71 220 1 189,189;
72 78 1 295,288;
73 43 1 206,260;
74 135 1 228,162;
75 18 1 175,170;
76 131 1 221,153;
77 59 1 230,268;
78 118 1 191,293;
79 58 1 289,155;
80 133 1 205,263;
81 292 1 257,196;
82 121 1 242,285;
83 12 1 196,286;
84 41 1 190,231;
85 128 1 186,266;
86 265 1 189,280;
87 179 1 241,250;
88 106 1 206,245;
89 13 1 185,178;
90 229 1 245,291;
91 134 1 232,275;
92 281 1 182,161;
93 140 1 198,151;
94 252 1 298,260;
95 210 1 242,161;
96 81 1 241,296;
97 195 1 276,268;
98 204 1 240,151;
99 270 1 213,204;
100 68 1 225,255;
101 278 1 294,208;
102 285 1 243,254;
103 149 1 257,169;
104 168 1 203,200;
105 299 1 186,221;
106 278 1 245,233;
107 47 1 235,173;
108 201 1 286,240;
109 159 1 249,225;
110 223 1 243,246;
111 293 1 162,160;
112 117 1 197,237;
113 73 1 201,240;
114 168 1 236,284;
115 155 1 216,253;
116 51 1 232,157;
117 50 1 184,168;
118 55 1 276,203;
119 104 1 158,163;
120 82 1 236,286;
121 102 1 239,239;
122 296 1 291,202;
123 299 1 160,153;
124 60 1 274,281;
125 273 1 234,299;
126 151 1 175,236;
127 54 1 180,202;
128 210 1 162,292;
129 118 1 271,177;
130 137 1 155,165;
131 166 1 230,237;
132 209 1 261,193;
133 245 1 285,287;
134 192 1 236,158;
135 107 1 190,158;
136 53 1 222,273;
137 288 1 247,257;
138 145 1 260,244;
139 106 1 225,187;
140 139 1 253,230;
141 176 1 231,271;
142 266 1 279,227;
143 283 1 182,219;
144 20 1 165,288;
145 203 1 236,211;
146 244 1 243,252;
147 165 1 182,253;
148 260 1 185,250;
149 249 1 242,258;
150 268 0 137,69;
151 119 0 20,113;
152 256 0 66,96;
153 227 0 129,58;
154 22 0 55,67;
155 110 0 131,25;
156 157 0 135,48;
157 293 0 36,3;
158 211 0 53,137;
159 4 0 94,42;
160 192 0 50,100;
161 162 0 84,132;
162 274 0 58,11;
163 107 0 96,30;
164 289 0 23,61;
165 212 0 25,145;
166 22 0 36,48;
167 260 0 58,89;
168 144 0 40,69;
169 53 0 29,64;
170 261 0 95,16;
171 44 0 104,68;
172 196 0 25,115;
173 275 0 147,98;
174 93 0 85,120;
175 101 0 82,132;
176 130 0 93,30;
177 220 0 102,106;
178 85 0 123,55;
179 97 0 80,91;
180 119 0 42,40;
181 274 0 34,135;
182 206 0 6,76;
183 181 0 120,8;
184 62 0 38,135;
185 50 0 74,39;
186 232 0 104,130;
187 249 0 127,18;
188 148 0 137,144;
189 111 0 107,16;
190 162 0 134,91;
191 211 0 41,55;
192 85 0 96,136;
193 50 0 89,121;
194 248 0 103,68;
195 116 0 96,45;
196 20 0 80,88;
197 38 0 64,99;
198 79 0 119,142;
199 191 0 42,71;
200 118 0 136,145;
201 22 0 12,149;
202 166 0 49,1;
203 199 0 47,34;
204 51 0 44,122;
205 2 0 144,20;
206 156 0 9,55;
207 22 0 45,53;
208 232 0 42,52;
209 179 0 118,56;
210 18 0 2,107;
211 5 0 16,6;
212 15 0 107,57;
213 283 0 131,64;
214 192 0 28,125;
215 289 0 138,98;
216 182 0 98,142;
217 260 0 13,12;
218 23 0 33,68;
219 116 0 83,38;
220 209 0 28,124;
221 167 0 93,24;
222 279 0 141,40;
223 193 0 22,38;
224 126 0 118,115;
225 208 0 135,77;
226 47 0 114,63;
227 154 0 81,85;
228 253 0 122,132;
229 183 0 3,119;
230 286 0 22,0;
231 127 0 148,142;
232 213 0 145,8;
233 151 0 50,135;
234 243 0 34,94;
235 137 0 13,10;
236 154 0 27,126;
237 168 0 138,118;
238 285 0 63,27;
239 218 0 106,55;
240 134 0 84,84;
241 223 0 143,7;
242 279 0 65,122;
243 97 0 48,4;
244 21 0 73,2;
245 259 0 12,142;
246 51 0 25,43;
247 297 0 22,53;
248 83 0 86,148;
249 139 0 9,16;
250 66 0 123,65;
251 66 0 37,45;
252 186 0 2,26;
253 185 0 36,45;
254 183 0 131,142;
255 173 0 16,37;
256 69 0 142,24;
257 11 0 1,24;
258 68 0 124,116;
259 30 0 78,74;
260 244 0 141,17;
261 173 0 116,119;
262 242 0 140,9;
263 92 0 101,103;
264 206 0 25,14;
265 263 0 7,141;
266 227 0 90,143;
267 292 0 109,106;
268 273 0 100,126;
269 198 0 91,131;
270 23 0 1,137;
271 93 0 68,25;
272 183 0 5,24;
273 209 0 17,59;
274 292 0 3,71;
275 10 0 2,45;
276 111 0 123,117;
277 56 0 23,91;
278 138 0 115,12;
279 118 0 137,125;
280 200 0 117,101;
281 241 0 140,61;
282 227 0 24,127;
283 53 0 29,50;
284 126 0 143,61;
285 11 0 118,14;
286 158 0 81,31;
287 10 0 100,77;
288 97 0 20,128;
289 35 0 18,124;
290 126 0 44,21;
291 18 0 75,72;
292 130 0 13,81;
293 99 0 11,120;
294 68 0 147,107;
295 119 0 3,148;
296 5 0 13,123;
297 40 0 30,16;
298 239 0 30,139;
299 277 0 122,132;