parity 300;
0 0 1 297,161;
1 2 1 242,230;
2 4 1 240,263;
3 6 1 236,286;
4 8 1 271,229;
5 10 1 274,271;
6 12 1 284,225;
7 14 1 281,271;
8 16 1 287,255;
9 18 1 268,195;
10 20 1 252,296;
11 22 1 170,257;
12 24 1 256,195;
13 26 1 251,196;
14 28 1 195,208;
15 30 1 190,207;
16 32 1 162,283;
17 34 1 224,195;
18 36 1 260,160;
19 38 1 155,220;
20 40 1 156,183;
21 42 1 202,163;
22 44 1 243,244;
23 46 1 234,234;
24 48 1 280,171;
25 50 1 190,268;
26 52 1 179,267;
27 54 1 164,170;
28 56 1 292,202;
29 58 1 236,183;
30 60 1 222,163;
31 62 1 227,203;
32 64 1 259,171;
33 66 1 266,155;
34 68 1 292,273;
35 70 1 248,213;
36 72 1 218,245;
37 74 1 181,222;
38 76 1 194,273;
39 78 1 264,210;
40 80 1 207,229;
41 82 1 174,161;
42 84 1 232,249;
43 86 1 254,267;
44 88 1 172,267;
45 90 1 241,164;
46 92 1 283,262;
47 94 1 207,270;
48 96 1 177,281;
49 98 1 230,293;
50 100 1 243,172;
51 102 1 278,212;
52 104 1 279,299;
53 106 1 296,282;
54 108 1 157,223;
55 110 1 173,265;
56 112 1 167,173;
57 114 1 264,271;
58 116 1 187,204;
59 118 1 288,184;
60 120 1 205,161;
61 122 1 192,233;
62 124 1 234,167;
63 126 1 165,206;
64 128 1 277,287;
65 130 1 177,163;
66 132 1 176,214;
67 134 1 229,169;
68 136 1 223,236;
69 138 1 169,215;
70 140 1 257,290;
71 142 1 237,191;
72 144 1 221,216;
73 146 1 235,282;
74 148 1 299,191;
75 150 1 225,245;
76 152 1 258,194;
77 154 1 196,194;
78 156 1 240,230;
79 158 1 194,230;
80 160 1 223,242;
81 162 1 194,185;
82 164 1 222,219;
83 166 1 234,267;
84 168 1 285,181;
85 170 1 278,177;
86 172 1 223,200;
87 174 1 280,157;
88 176 1 262,237;
89 178 1 232,220;
90 180 1 258,275;
91 182 1 271,230;
92 184 1 250,268;
93 186 1 209,155;
94 188 1 177,158;
95 190 1 237,213;
96 192 1 197,212;
97 194 1 239,218;
98 196 1 225,183;
99 198 1 227,260;
100 200 1 212,222;
101 202 1 205,185;
102 204 1 179,211;
103 206 1 152,213;
104 208 1 252,291;
105 210 1 180,281;
106 212 1 214,286;
107 214 1 198,244;
108 216 1 214,206;
109 218 1 270,267;
110 220 1 256,193;
111 222 1 200,270;
112 224 1 284,163;
113 226 1 202,212;
114 228 1 173,273;
115 230 1 294,216;
116 232 1 237,296;
117 234 1 177,280;
118 236 1 233,163;
119 238 1 170,274;
120 240 1 275,252;
121 242 1 211,296;
122 244 1 263,183;
123 246 1 189,297;
124 248 1 209,210;
125 250 1 177,167;
126 252 1 292,275;
127 254 1 179,231;
128 256 1 192,224;
129 258 1 250,205;
130 260 1 163,182;
131 262 1 241,187;
132 264 1 274,164;
133 266 1 209,256;
134 268 1 245,170;
135 270 1 268,173;
136 272 1 192,214;
137 274 1 187,286;
138 276 1 297,218;
139 278 1 259,276;
140 280 1 166,216;
141 282 1 274,264;
142 284 1 194,208;
143 286 1 287,223;
144 288 1 230,206;
145 290 1 185,233;
146 292 1 187,212;
147 294 1 188,241;
148 296 1 202,173;
149 298 1 266,156;
150 1 0 88,40;
151 3 0 88,135;
152 5 0 132,43;
153 7 0 128,74;
154 9 0 70,7;
155 11 0 50,134;
156 13 0 143,1;
157 15 0 137,115;
158 17 0 69,69;
159 19 0 117,41;
160 21 0 129,52;
161 23 0 99,27;
162 25 0 88,84;
163 27 0 57,9;
164 29 0 86,100;
165 31 0 144,68;
166 33 0 35,70;
167 35 0 90,32;
168 37 0 62,143;
169 39 0 72,30;
170 41 0 13,57;
171 43 0 17,105;
172 45 0 141,73;
173 47 0 120,75;
174 49 0 53,140;
175 51 0 86,113;
176 53 0 93,68;
177 55 0 9,120;
178 57 0 72,143;
179 59 0 74,6;
180 61 0 29,41;
181 63 0 35,35;
182 65 0 41,12;
183 67 0 118,70;
184 69 0 92,43;
185 71 0 37,29;
186 73 0 41,92;
187 75 0 85,130;
188 77 0 86,60;
189 79 0 32,110;
190 81 0 143,102;
191 83 0 138,67;
192 85 0 38,110;
193 87 0 120,24;
194 89 0 76,91;
195 91 0 119,5;
196 93 0 23,86;
197 95 0 106,131;
198 97 0 27,130;
199 99 0 18,12;
200 101 0 99,19;
201 103 0 95,89;
202 105 0 57,58;
203 107 0 109,122;
204 109 0 137,1;
205 111 0 122,32;
206 113 0 36,67;
207 115 0 91,60;
208 117 0 37,62;
209 119 0 87,11;
210 121 0 28,54;
211 123 0 30,35;
212 125 0 55,81;
213 127 0 62,71;
214 129 0 2,110;
215 131 0 136,35;
216 133 0 7,5;
217 135 0 57,90;
218 137 0 96,148;
219 139 0 34,100;
220 141 0 12,83;
221 143 0 137,118;
222 145 0 108,137;
223 147 0 131,61;
224 149 0 24,144;
225 151 0 22,98;
226 153 0 121,96;
227 155 0 28,17;
228 157 0 27,109;
229 159 0 52,140;
230 161 0 105,144;
231 163 0 108,4;
232 165 0 105,89;
233 167 0 109,27;
234 169 0 48,124;
235 171 0 26,146;
236 173 0 68,132;
237 175 0 86,57;
238 177 0 62,40;
239 179 0 53,90;
240 181 0 106,8;
241 183 0 149,137;
242 185 0 111,71;
243 187 0 115,144;
244 189 0 45,60;
245 191 0 9,143;
246 193 0 127,28;
247 195 0 22,6;
248 197 0 57,73;
249 199 0 100,72;
250 201 0 149,105;
251 203 0 70,100;
252 205 0 0,33;
253 207 0 4,13;
254 209 0 136,14;
255 211 0 46,17;
256 213 0 70,129;
257 215 0 55,141;
258 217 0 43,56;
259 219 0 139,38;
260 221 0 143,86;
261 223 0 84,147;
262 225 0 96,15;
263 227 0 29,121;
264 229 0 99,43;
265 231 0 130,37;
266 233 0 38,49;
267 235 0 22,47;
268 237 0 119,96;
269 239 0 110,138;
270 241 0 39,33;
271 243 0 7,18;
272 245 0 149,143;
273 247 0 115,72;
274 249 0 53,98;
275 251 0 11,143;
276 253 0 99,50;
277 255 0 19,126;
278 257 0 32,9;
279 259 0 120,138;
280 261 0 4,134;
281 263 0 101,109;
282 265 0 23,134;
283 267 0 51,87;
284 269 0 55,123;
285 271 0 49,30;
286 273 0 11,34;
287 275 0 1,25;
288 277 0 103,126;
289 279 0 103,61;
290 281 0 89,0;
291 283 0 39,66;
292 285 0 41,135;
293 287 0 15,24;
294 289 0 77,108;
295 291 0 94,15;
296 293 0 51,15;
297 295 0 2,46;
298 297 0 139,40;
299 299 0 34,117;