parity 300;
0 0 1 184,175;
1 2 1 247,215;
2 4 1 193,258;
3 6 1 290,177;
4 8 1 153,158;
5 10 1 193,249;
6 12 1 204,155;
7 14 1 193,237;
8 16 1 187,208;
9 18 1 297,153;
10 20 1 297,282;
11 22 1 290,189;
12 24 1 195,242;
13 26 1 254,237;
14 28 1 266,196;
15 30 1 164,226;
16 32 1 176,213;
17 34 1 161,196;
18 36 1 209,164;
19 38 1 261,185;
20 40 1 288,296;
21 42 1 261,254;
22 44 1 181,282;
23 46 1 229,186;
24 48 1 231,264;
25 50 1 228,204;
26 52 1 296,205;
27 54 1 261,249;
28 56 1 183,153;
29 58 1 166,168;
30 60 1 160,152;
31 62 1 258,214;
32 64 1 263,234;
33 66 1 219,274;
34 68 1 257,258;
35 70 1 241,175;
36 72 1 194,276;
37 74 1 150,171;
38 76 1 179,292;
39 78 1 290,170;
40 80 1 254,226;
41 82 1 155,190;
42 84 1 156,199;
43 86 1 272,223;
44 88 1 214,191;
45 90 1 257,184;
46 92 1 151,293;
47 94 1 157,186;
48 96 1 263,244;
49 98 1 180,186;
50 100 1 192,252;
51 102 1 226,227;
52 104 1 202,267;
53 106 1 155,244;
54 108 1 171,201;
55 110 1 249,167;
56 112 1 259,238;
57 114 1 210,223;
58 116 1 247,181;
59 118 1 276,162;
60 120 1 293,150;
61 122 1 182,251;
62 124 1 186,225;
63 126 1 262,262;
64 128 1 222,237;
65 130 1 217,273;
66 132 1 258,180;
67 134 1 225,248;
68 136 1 243,166;
69 138 1 247,206;
70 140 1 276,172;
71 142 1 250,163;
72 144 1 263,220;
73 146 1 278,192;
74 148 1 215,170;
75 150 1 291,243;
76 152 1 259,230;
77 154 1 252,296;
78 156 1 275,178;
79 158 1 262,174;
80 160 1 253,266;
81 162 1 171,283;
82 164 1 274,163;
83 166 1 204,266;
84 168 1 158,240;
85 170 1 225,265;
86 172 1 266,209;
87 174 1 204,248;
88 176 1 219,293;
89 178 1 171,213;
90 180 1 246,286;
91 182 1 159,150;
92 184 1 230,280;
93 186 1 203,218;
94 188 1 195,247;
95 190 1 159,214;
96 192 1 271,163;
97 194 1 205,163;
98 196 1 293,194;
99 198 1 215,223;
100 200 1 238,170;
101 202 1 163,260;
102 204 1 158,276;
103 206 1 239,156;
104 208 1 220,200;
105 210 1 219,180;
106 212 1 179,261;
107 214 1 181,257;
108 216 1 225,151;
109 218 1 228,181;
110 220 1 257,262;
111 222 1 280,183;
112 224 1 260,178;
113 226 1 153,151;
114 228 1 219,186;
115 230 1 168,278;
116 232 1 279,281;
117 234 1 251,247;
118 236 1 188,167;
119 238 1 293,286;
120 240 1 195,220;
121 242 1 222,244;
122 244 1 269,194;
123 246 1 218,259;
124 248 1 254,215;
125 250 1 242,172;
126 252 1 244,185;
127 254 1 215,198;
128 256 1 177,299;
129 258 1 242,243;
130 260 1 251,156;
131 262 1 190,236;
132 264 1 291,242;
133 266 1 204,201;
134 268 1 198,183;
135 270 1 165,283;
136 272 1 249,218;
137 274 1 248,167;
138 276 1 296,198;
139 278 1 262,154;
140 280 1 257,238;
141 282 1 195,198;
142 284 1 199,204;
143 286 1 170,201;
144 288 1 297,280;
145 290 1 294,283;
146 292 1 217,269;
147 294 1 257,185;
148 296 1 289,268;
149 298 1 203,262;
150 1 0 62,87;
151 3 0 97,117;
152 5 0 87,26;
153 7 0 97,105;
154 9 0 87,77;
155 11 0 16,51;
156 13 0 13,130;
157 15 0 82,140;
158 17 0 84,13;
159 19 0 136,131;
160 21 0 96,62;
161 23 0 17,42;
162 25 0 105,54;
163 27 0 132,87;
164 29 0 47,19;
165 31 0 4,139;
166 33 0 36,142;
167 35 0 0,83;
168 37 0 148,42;
169 39 0 10,105;
170 41 0 46,103;
171 43 0 129,63;
172 45 0 118,29;
173 47 0 58,21;
174 49 0 129,10;
175 51 0 78,95;
176 53 0 50,116;
177 55 0 12,17;
178 57 0 148,142;
179 59 0 148,74;
180 61 0 97,59;
181 63 0 36,121;
182 65 0 64,120;
183 67 0 110,97;
184 69 0 99,122;
185 71 0 122,58;
186 73 0 115,82;
187 75 0 116,105;
188 77 0 85,111;
189 79 0 146,21;
190 81 0 34,137;
191 83 0 92,135;
192 85 0 36,9;
193 87 0 118,15;
194 89 0 59,77;
195 91 0 76,102;
196 93 0 14,50;
197 95 0 31,123;
198 97 0 12,71;
199 99 0 9,141;
200 101 0 102,20;
201 103 0 96,21;
202 105 0 20,142;
203 107 0 56,134;
204 109 0 111,52;
205 111 0 10,90;
206 113 0 90,47;
207 115 0 30,92;
208 117 0 26,126;
209 119 0 42,112;
210 121 0 23,149;
211 123 0 126,79;
212 125 0 90,5;
213 127 0 8,5;
214 129 0 20,37;
215 131 0 109,67;
216 133 0 11,46;
217 135 0 129,133;
218 137 0 118,131;
219 139 0 35,129;
220 141 0 131,33;
221 143 0 59,108;
222 145 0 78,65;
223 147 0 67,104;
224 149 0 65,0;
225 151 0 16,110;
226 153 0 148,28;
227 155 0 9,74;
228 157 0 101,126;
229 159 0 36,147;
230 161 0 96,37;
231 163 0 41,86;
232 165 0 64,27;
233 167 0 7,3;
234 169 0 1,32;
235 171 0 61,58;
236 173 0 13,58;
237 175 0 36,146;
238 177 0 90,147;
239 179 0 130,80;
240 181 0 60,100;
241 183 0 143,37;
242 185 0 32,142;
243 187 0 13,78;
244 189 0 102,60;
245 191 0 56,137;
246 193 0 42,47;
247 195 0 61,104;
248 197 0 2,40;
249 199 0 97,125;
250 201 0 145,148;
251 203 0 47,50;
252 205 0 147,0;
253 207 0 33,73;
254 209 0 95,94;
255 211 0 109,91;
256 213 0 44,73;
257 215 0 134,114;
258 217 0 120,6;
259 219 0 25,143;
260 221 0 101,83;
261 223 0 127,88;
262 225 0 127,72;
263 227 0 118,1;
264 229 0 62,36;
265 231 0 109,40;
266 233 0 115,63;
267 235 0 22,38;
268 237 0 41,118;
269 239 0 130,5;
270 241 0 51,3;
271 243 0 22,61;
272 245 0 7,62;
273 247 0 17,149;
274 249 0 94,90;
275 251 0 14,127;
276 253 0 88,101;
277 255 0 101,35;
278 257 0 21,28;
279 259 0 9,130;
280 261 0 108,128;
281 263 0 31,3;
282 265 0 76,45;
283 267 0 83,102;
284 269 0 81,136;
285 271 0 30,36;
286 273 0 119,125;
287 275 0 54,78;
288 277 0 88,55;
289 279 0 93,77;
290 281 0 66,7;
291 283 0 58,80;
292 285 0 44,58;
293 287 0 139,28;
294 289 0 26,70;
295 291 0 28,69;
296 293 0 99,147;
297 295 0 100,19;
298 297 0 33,140;
299 299 0 110,86;