180.582437,11224,180.608405,19986
43.722889,6772,137.262964,15415
46.216281,6205,11.040315,9249
79.937724,13041,180.635880,16642
28.755885,5323,7.355564,7893
49.828743,7195,7.943198,13386
35.534626,4209,29.764691,4751
24.288029,4163,84.904901,5864
70.441135,8347,181.617244,3819
25.488388,5350,39.296033,17522
9.834225,2020,0.924958,2008
78.587600,11462,11.957929,5101
103.114649,14754,182.539843,8158
18.271730,3259,23.438258,8618
63.583236,6345,180.398904,40787
112.427913,13128,71.948273,50931
75.420950,8610,182.914757,2232
68.150921,9505,2.705128,12650
27.851737,6171,4.161170,5622
135.276201,17748,181.387298,31255
18.313630,2956,9.452465,6217
47.198069,7368,180.194491,6623
10.570913,2012,5.479275,3963
94.025639,11035,27.363135,6830
42.168994,7174,181.604987,2198
154.672623,16856,180.957893,5790
87.041152,12439,138.183638,88400
38.505909,6597,96.338891,6038
61.765100,8391,12.047628,4414
82.518567,9478,182.345507,17458
140.446270,16325,180.861284,11628
47.846703,7263,14.602678,7703
57.641592,7869,106.866019,59384
41.025613,6773,1.318967,4297
15.332671,2967,3.010864,2012
142.838366,17825,42.196025,15308
32.067307,3448,24.384088,6883
109.442222,7114,181.324551,4902
19.928776,2059,28.404507,4059
104.915261,7065,2.230138,8123
85.158428,7835,182.320918,2914
43.669374,5323,130.337110,11875
180.018958,15453,182.110396,2509
98.531686,10297,183.441318,2295

