3.329896,1769,6.551075,7392
2.241857,1340,1.253680,2029
3.765391,1916,7.771906,8531
3.536751,2400,0.878072,2557
2.224190,1580,1.276784,3352
2.264862,1490,0.987548,4334
4.149311,1821,1.187841,6648
2.597830,1571,20.576730,5287
4.297935,2333,0.987604,1929
2.382625,1680,12.615958,2565
1.188234,618,0.039692,619
2.923986,2121,0.151425,1892
2.297781,1527,21.511595,5086
3.746558,2391,1.672431,4637
1.122342,789,2.176104,2427
2.449060,1746,1.000387,1720
2.970766,1491,4.409085,3277
3.276080,1704,9.642732,3892
3.407983,1911,0.095083,717
2.850350,1472,0.222711,2306
2.807831,1537,1.373419,3499
0.819694,604,0.035343,602
1.293791,689,0.531108,1276
1.777424,1319,9.597372,3790
5.261274,2147,8.472049,12569
2.233630,1850,7.320035,2231
4.907985,1653,10.941806,4055
0.836044,607,0.201372,602
1.466064,1187,0.130243,1200
2.380011,1936,0.569386,1495
1.007394,627,4.869968,1897
4.151198,2473,1.102276,3826
0.893862,685,0.130089,1267
2.754164,1748,1.693740,2670
1.154859,927,0.180334,1511
5.204736,3305,5.912971,5946
2.535884,1661,8.622682,2111
2.536944,1506,0.408667,1571
2.156990,1623,0.302648,1538
1.154708,622,0.399337,625
2.978122,1337,0.164605,840
2.110743,1141,0.586783,930
3.125150,2326,11.219272,10374
5.266801,2705,43.148252,10640
3.947740,2160,0.948214,3133
1.605817,1152,1.002378,1549
2.945690,2057,0.290127,2533
1.069141,774,0.101800,1207
4.099711,2450,0.628581,2594
1.232105,1032,1.250864,1586
0.829315,603,0.291334,601
1.864791,1433,1.776696,1652
1.610377,977,3.203545,2707
1.081666,794,0.475100,1511
2.404124,1640,4.550102,3385
2.244523,1398,0.254368,1878
2.394418,1242,0.196209,1265
1.589508,1255,1.804721,1497
3.744359,2684,3.055441,2635
3.709867,2726,1.471917,2250
3.744750,2229,1.849493,2603
1.602230,833,3.895345,3293
4.415725,2448,8.767786,5686
4.498863,2790,5.020853,5350
2.258980,1387,0.375742,1667
1.175188,838,0.559031,946
2.692599,2094,6.927780,2265
0.835027,629,0.040018,600
2.335486,1542,1.373832,1790
4.173008,2405,6.176312,3842
2.858169,1471,0.855128,2550
3.554974,2058,1.403026,3026
2.144890,1439,2.111228,3482
1.575449,999,0.368785,1337
1.301748,997,0.053803,624
1.859087,1339,0.423655,1242
3.964086,1914,5.400239,7136
1.932759,1459,3.053664,2731
3.001782,2181,0.613901,2092
3.576335,1841,0.767904,1104
0.941794,691,0.766193,1335
6.157142,3776,12.237956,6221
2.715842,1625,0.234627,1903
3.017212,1884,11.904126,6973
1.320551,760,1.917417,1825
1.324683,621,1.132853,1784
1.929406,1398,0.929242,820
2.560757,1201,0.492936,1282
3.155464,1559,0.632802,3015
1.635196,1128,4.316102,2420
2.249091,1457,6.554578,3445
0.938030,646,0.098151,600
0.815093,600,0.021718,600
3.259741,1696,54.744679,8697
1.739442,1399,8.499588,2755
3.358039,1848,4.379621,4551
3.250311,2036,0.879419,1267
6.917772,2713,4.380286,2934
3.573282,1760,13.873359,5878
1.642635,1046,5.048714,2160
3.153551,1863,0.419440,1462
0.961056,664,7.294626,1608
1.984562,1458,1.668960,1682
3.243455,1661,14.017864,8587
3.017233,1859,1.529046,3737
2.475870,1814,4.029896,2635
1.105387,768,0.309078,641
6.599738,2943,3.861699,5243
3.642362,1675,14.258272,8281
7.770828,4522,16.013678,7798
6.360637,3438,0.575940,1359
6.811524,3593,2.033339,2512
1.455646,1197,0.700342,1224
0.830914,605,0.046723,600
2.669453,2071,8.113475,2357
2.909576,2034,1.187698,3375
1.366769,931,0.423909,639
0.809099,600,0.030341,600
3.589132,2291,3.846348,2623
1.942288,1065,0.809607,1918
