sym_runtime, sym_update, ziel_runtime, ziel_update

24.576301,1454,180.222569,10731
28.146567,1603,117.335023,37121
32.927674,1636,180.847768,8824
43.847469,2285,5.684867,7701
82.195141,8878,180.485373,3868
24.286068,1905,37.817541,13621
22.156371,2870,169.261421,9851
20.910124,1285,116.685090,3178
27.762600,2171,16.862617,2702
5.460040,603,0.064235,605
2.716999,634,0.635045,603
13.994139,1428,44.845181,4036
18.005919,1485,177.474870,8722
30.713466,1230,123.097969,19483
8.275438,897,85.262976,10719
27.568677,2115,31.968634,11753
11.280900,1071,19.083745,4200
23.276314,2436,1.070666,1639
43.015007,2471,128.666655,35876
59.045444,3227,181.117313,14010
8.562424,956,180.944778,12399
13.260084,677,13.757776,5092
74.505211,5100,29.685588,9295
15.530255,1138,30.996328,14934
121.658169,7350,180.393477,11942
33.413084,1564,156.885908,25719
26.755315,2359,180.987214,13420
18.392144,1676,62.422517,23959
11.412510,808,181.375877,3322
51.739790,3156,181.052159,6492
5.947467,769,181.386660,4739
6.099996,739,5.501242,1234
61.165540,5053,180.121926,29996
11.855050,1713,100.442479,5228
26.395331,1881,35.516130,8065
18.788626,1528,181.187656,2966
36.764084,4220,39.983794,9754
21.770981,1494,181.025960,2683
6.488698,825,12.426777,2194
57.227313,2634,180.377397,24884
20.423898,1177,180.539495,7876
46.224957,4151,23.940419,9336
13.462973,1747,81.472309,1880
39.521940,2685,0.856972,1390
6.321244,749,1.567796,651
20.750695,2512,95.073995,27705
25.557882,2112,29.797681,6311
31.309467,2981,54.411212,18531
8.176788,699,155.007508,4305
11.543845,1143,0.538284,693
34.485695,3768,180.365052,3576
22.690862,2088,180.119350,1418
5.376454,1125,1.325109,1231
17.559026,1227,84.617792,6501
34.710683,1819,181.390792,7739
18.549834,1625,46.847407,6891
55.170100,4125,165.094417,6831
27.069124,1897,181.046166,3157
14.685712,738,123.924940,9823
18.566975,1780,124.764526,9343
4.951170,809,2.816752,1184
101.479129,9082,42.444085,21536
25.822869,2919,8.839680,3485
27.186809,1845,181.102790,8654
15.020705,1319,1.311864,1364
17.017417,1320,181.223818,2824
14.652771,678,181.579778,2619
16.783613,2043,180.144131,9675
33.515989,2210,180.622953,15822
106.911539,5338,181.016073,25334
6.955087,879,120.772869,2994
16.791114,1913,180.474097,2301
14.477634,1848,9.286051,6240
19.927562,2238,0.918452,756
27.647897,3055,6.460484,5984
35.840671,1650,66.610639,21923
19.254900,889,18.850743,7612
74.736664,2800,180.390321,4132
5.927574,1035,0.207658,1211
25.193753,3286,26.180139,5259
21.449984,2217,180.915649,12223
11.665331,876,6.734935,5776
14.615847,685,8.025648,5456
7.625548,1169,3.663272,1361
19.374198,1761,180.380693,13625
43.155709,2051,180.256904,13725
36.959515,3483,2.605165,797
35.209258,1775,180.807686,1700
10.753028,658,30.819834,4005
29.565781,2492,0.223707,694
57.399791,3997,1.212278,943
7.384542,1547,4.430392,1395
48.997095,3152,72.028991,15898
15.245230,1337,181.307022,10757
48.349711,2723,180.352320,34424
41.647826,1498,180.586428,7007
23.328980,1486,6.462361,8975
18.152996,1519,70.117622,31563
22.038251,1287,180.091616,26067
6.592892,716,1.876038,935
